4519157822
4523371949
4521474530
4524384067
4436033771
4475365709
4493010632
4496759358
4443048030
4509433346
4452162573
4453038156
4515594785
4524924257
4516505202
4482120064
4523758462
4503636905
4486384947
4457103291
4472164226
4445294621
4480384157
4520898233
4522124566
4523978853
4507834811
4501319968
4519148589
4484877784
4466931235
4524189570
4503380070
4497858921
4509242024
4524296550
4516034199
4504386463
4523799496
4379931850
4523858150
4459778854
4499523222
4477029310
4525037711
4459414345
4505664040
4439587692
4508000311
4513365614
4473252742
4438138890
4467008289
4492625917
4502901044
4467732013
4514402510
4521277262
4521752962
4514070165
4525056568
4521255103
4510728488
4516919746
4499868617
4514234813
4513591449
4471416203
4521227315
4424144387
4517806218
4479974478
4423018162
4518401885
4525208730
4512774492
4522772001
4464439713
4479823004
4507330276
4447392049
4521089901
4427944005
4509784380
4524411421
