4517976626
4512796004
4508978320
4517170910
4522091783
4432953016
4428717343
4472634222
4485702742
4483996864
4494898614
4486300989
4440381466
4435305410
4517178565
4524273849
4513856068
4502301442
4506433281
4453490513
4450061426
4443186936
4441761333
4467416090
4463891797
4519994537
4513449844
4522131059
4515483383
4473238853
974434316
973747285
973753991
973742856
972501109
4519119734
4486265912
4497758282
4509579989
4379647528
4369722616
4518324512
4495898098
4473623515
4508411042
4458757979
4492232185
4434991121
4503154246
4467522320
4435535382
4455347152
4465390532
4489965094
4486675853
4487143965
4518999867
4505801770
4511868118
4496738231
4515476978
4513690000
986474778
986449250
986454025
986440276
986402031
986367947
986374199
986351373
986329882
986337595
986326481
986344767
4487701038
4491229141
4496951936
4459672415
4458332354
4459084553
4518192108
4511617902
4475009081
4415457081
4525061543
