4519157822
4519058354
4518994043
4518875276
4518826286
4518563312
4518484457
4518396030
4518238919
4518230849
4518210618
4518124282
4517975795
4516303618
4516251368
4516153596
4515888453
4515769918
4515742748
4515658803
4515298806
4512769619
4511431233
4511116485
4510962237
4510871523
4508547965
4508439381
4508364401
4508287067
4508252190
4508104391
4508161356
4508028647
4507994881
4508041705
4507908715
4506806960
4506647601
4506537229
4506497178
4506374647
4506268857
4506281703
4506085092
4506021141
4505857058
4505860959
4505729648
4505644986
4505618451
4505613137
4504743307
4504464667
4504191125
4503970174
4503702892
4503488503
4503379449
4503417074
4502760351
4502686116
4518861669
4518792896
4518583036
4517964120
4516138674
4516024430
4515841164
4515585573
4515471946
4515440590
4514176351
4513965875
4513791836
4513676729
4513554113
4513506973
4513491356
4513166693
4513102238
4512814171
4512529380
4511987690
4511859865
4511731049
4511388378
4511131037
4509531076
4509297932
4508878135
4508380823
4506864010
4506763650
4506687354
4506208392
4506183955
4506045476
4505636253
4505623484
4504856422
4504758856
4504449901
4502290229
4502238114
4513237441
4513188190
4512214028
4512163297
4512068340
4512103660
4510202056
4510101889
4509944547
4507575615
4507327093
4519122828
4518954908
4518873531
4514467766
4514360215
4514324417
4514220798
4514141073
4510784021
4510698835
4510652866
4509461989
4509334220
4509234421
4508204279
4507711390
4510598233
4508829104
4505486760
4505452200
4505418180
4503339534
4503322479
4503224903
4503108113
4503092003
4503006709
4502939639
4502962977
4502789271
4502446100
4502462239
4502325816
4502256888
4519097828
4518114323
4517999133
4517972804
4517857197
4517834101
4517768764
4517823800
4510936035
4510849832
4519058321
4518622747
4518416008
4518298214
4518301313
4518069605
4518062764
4517976626
4516833641
4516665049
4516548534
4515694690
4515569272
4513621646
4513544857
4513326351
4513264373
4511889296
4511834738
4511665997
4511631003
4511471215
4511077370
4509329284
4509237547
4519152255
4519122052
4518940498
4518779416
4515652551
4513323407
4512181848
4512137653
4512096205
4512112345
4511917505
4510974314
4510879479
4510874488
4510797293
4510155897
4510144761
4510182520
4510131348
4509929692
4509996196
4510011126
4509882370
4509756967
4509667365
4509534017
4509395594
4509371229
4509243931
4509112932
4509072865
4508927726
4508864725
4507411941
4507107294
4506950274
4506279067
4502850593
4502767322
4518917824
4518807016
4518679306
4515775559
4515625064
4515530120
4515504380
4515402437
4514523731
4514503947
4514388830
4514381614
4510978077
4510782598
4509834277
4509700311
4509702327
4509191802
4508881559
4508753560
4508411804
4508252963
4508115631
4506814598
4506306912
4506198990
4506142255
4506025940
4505918744
4505617282
4505487847
4505419734
4504770235
4503129723
4503070214
4503065726
4502939442
4502712764
4519076701
4518689821
4518539670
4518540891
4518424537
4518271182
4518142808
4517007897
4516955275
4516857825
4516821292
4516017863
4515917437
4515361403
4515267035
4515173050
4514739538
4514717294
4514814299
4514832580
4513976917
4513930854
4513812238
4513010103
4512937296
4512840068
4512765302
4512587945
4512526040
4512379937
4512103830
4512002413
4511772049
4511652904
4511644024
4511497319
4511511807
4511007466
4510927956
4510084992
4510110475
4509966342
4509880269
4509795588
4509607737
4509506689
4508647398
4507616889
4507581207
4507432174
4506942428
4508149594
4517810762
4506210876
4505998380
4505132813
4505098974
4504922774
4504380855
4504133193
4503993196
4503501490
4503268536
4503182143
4502401838
4502307045
4523371949
4523343847
4523127855
4523023327
4522814689
4522597869
4522285497
4522232490
4522138806
4522094336
4522077726
4522080572
4521920921
4521813733
4521783603
4521654823
4521562072
4521442716
4521332596
4521274088
4521104182
4521076438
4520937230
4520819907
4520851183
4520704792
4520676000
4520509449
4520523189
4520335558
4519988685
4518711982
4518534146
4518463407
4518415285
4518326292
4518169372
4518069310
4518031996
4518026363
4517910431
4517833487
4517797409
4517792643
4517636777
4516060085
4516000649
4515921325
4515750384
4515647999
4515562084
4515426111
4515305006
4515249386
4515175011
4515201055
4514807750
4514837168
4514714988
4514813050
4513713115
4513636576
4513555766
4513419840
4513412082
4513335759
4513227109
4513169169
4513181814
4513016938
4513006374
4512850142
4512834921
4512762058
4512518724
4512602774
4512482631
4512260347
4512316102
4512255761
4512322047
4511721669
4511468990
4511373069
4511249106
4511164017
4511116608
4511062209
4510983836
4510858169
4510901121
4510802978
4510677471
4510672074
4510597630
4510524087
4510360358
4510327725
4510325355
4510303756
4510390766
4510209567
4508744805
4508003160
4507949346
4507957280
4507935321
4507914182
4507922015
4507850377
4507800134
4507828612
4507827579
4507836615
4507844877
4507881897
4507801317
4507777503
4507735336
4507730911
4507585380
4507437093
4507331035
4507092757
4506943847
4506882445
4506698327
4506626600
4523018308
4523033334
4522775505
4522629457
4520333053
4517828961
4515962669
4515208931
4515215762
4514054635
4513941432
4513891894
4513325337
4513266966
4513260972
4513132792
4511373803
4509241244
4509145826
4522493624
4521421271
4521328744
4521085766
4520606356
4519749959
4519746630
4519824126
4519743352
4519670397
4518063050
4517536519
4517485321
4516723756
4516610958
4516416092
4514716506
4514804784
4514823070
4514831767
4514196119
4513855402
4513777510
4513471519
4512849095
4512796004
4512488017
4512523715
4512551098
4512328347
4512316397
4512333267
4512321778
4512239125
4510968462
4510954044
4510357512
4510383731
4510301771
4510130310
4510290495
4509521103
4509391957
4509237263
4509130328
4509068979
4508980285
4508895557
4508855656
4508430738
4508193557
4508081646
4506038193
4505939323
4521447106
4521327047
4521219443
4521034199
4520706765
4520529671
4520503732
4518937340
4518889672
4518828674
4518761647
4518686031
4518560043
4518532617
4518446820
4518337315
4516519316
4516438946
4516338987
4516183289
4516085244
4516046184
4515907264
4515836481
4515479532
4514242430
4514059947
4514032121
4511964893
4511895969
4511795673
4511704049
4511591839
4511439915
4511383433
4511332121
4511202565
4511116115
4511007218
4509823564
4509697479
4509684193
4509566931
4509455237
4509346174
4509263029
4509099529
4506259488
4506281601
4520416936
4520340953
4519991058
4519746020
4519754359
4519822982
4518593972
4518222649
4518121163
4517909755
4517662875
4517558347
4517486342
4516879091
4516834236
4516035754
4515966223
4515835895
4515689751
4515302879
4515219854
4514203517
4513916426
4513651633
4513389405
4513353385
4513170687
4512764532
4512478150
4512521135
4512258028
4512372313
4512262962
4512310695
4512238041
4512227259
4511219308
4511096177
4510977220
4510878447
4510776269
4510782896
4510610108
4510565878
4510572006
4510367845
4509705636
4508860882
4508472209
4507795011
4507841880
4507308215
4506225291
4506057377
4505936037
4523070101
4523092782
4522623141
4521720813
4521579265
4521437370
4521309700
4521258237
4520926281
4520847937
4520749944
4520678642
4520590264
4520572669
4519028907
4518849358
4518842028
4517897514
4517842731
4517734847
4516551094
4516430825
4516361427
4515520714
4515424830
4515421026
4514099644
4513997297
4513911212
4513767209
4512799703
4511697320
4511617167
4511536006
4509395180
4509298062
4509218525
4508591285
4508478888
4508471347
4508324109
4508224560
4508127020
4506818730
4506633532
4506612506
4506443960
4506366253
4506324117
4506164708
4506101965
4506012139
4522528585
4521076166
4519891300
4519757953
4518657956
4518660642
4518520774
4518229206
4518129643
4517688434
4516061147
4515793922
4515764663
4514384699
4514230142
4513534809
4513364908
4513265346
4513175042
4509699180
4509629424
4509587385
4509078253
4508937198
4508817061
4508715537
4507794732
4507860531
4507766312
4507613526
4507170513
4523294765
4523057228
4523042882
4522223522
4522120011
4521787222
4521685666
4521495660
4521413512
4521284686
4521109734
4519088114
4518980516
4516952367
4516695912
4516636453
4516536441
4516417454
4515479961
4515563266
4515426784
4513632699
4513034856
4512936492
4512894231
4511984502
4511939502
4511293718
4511164251
4511145239
4510992424
4510941443
4510796394
4509990672
4509826680
4509861037
4508781404
4508601871
4508517037
4508469981
4508098476
4508134351
4506402535
4506261551
4521078893
4521043235
4520809300
4520843401
4520784758
4520618181
4519887457
4519269898
4519282106
4519222781
4519072986
4518981604
4518481606
4518424652
4516652724
4516493287
4515966699
4515796485
4515699930
4515753737
4515599763
4515605064
4515507171
4515470001
4514362064
4514169531
4514160921
4514071141
4513536924
4513412580
4513352093
4513276630
4513271741
4513157035
4513098565
4513091102
4512955082
4511994182
4511284525
4511204090
4511096212
4511028923
4510964269
4508968618
4508819818
4508790377
4508713667
4508328275
4508278670
4507993592
4507958522
4507915958
4507290195
4506963305
4506293900
4506241084
4506171101
4505929753
4523272987
4523085011
4522575523
4522551816
4521996356
4521960155
4521858337
4521748212
4521671389
4521479500
4521418180
4521320421
4521285475
4521099004
4521091433
4520947590
4520783162
4520664815
4520621046
4520494995
4519838798
4519835303
4519176817
4519141286
4519120718
4518972358
4518896378
4518831349
4518670602
4518531305
4518365067
4518322180
4518152870
4518126281
4518027001
4517889347
4517758629
4517803172
4517680093
4516964938
4516799639
4516850982
4516733621
4516604132
4516476234
4516347378
4516239699
4516090404
4516161900
4515976118
4515931057
4515822938
4515756463
4515601158
4514470767
4514340992
4514260589
4514040037
4513947013
4513855873
4513765777
4513704631
4513577237
4513430127
4513284656
4512187321
4512155128
4512221042
4512054793
4511431027
4511258709
4511250976
4511149070
4511049307
4511032880
4510927253
4510901247
4510835431
4510708023
4510711956
4510597544
4510107590
4510083398
4508773162
4508683515
4508564711
4508398231
4508296418
4508350478
4507594618
4507541065
4507344763
4507147083
4507061847
4506918537
4506872150
4506696549
4506286018
4506214163
4506115069
4506006118
4505844771
4521474530
4521301419
4519611063
4518523075
4518153714
4518048063
4518080499
4516940470
4516851387
4516674518
4516617160
4516480397
4516399505
4516279757
4516214400
4516104928
4515686952
4515668961
4515642015
4514148101
4513967496
4513951466
4513453045
4513353199
4513186400
4513161249
4513082371
4511914072
4511756653
4511658013
4511568629
4511479188
4510965632
4510863546
4510762842
4510746559
4510672414
4510558043
4510532063
4509849685
4509780055
4509667864
4509559252
4509405426
4509276280
4509099606
4509046727
4508898898
4508891712
4508860987
4508606844
4508541291
4508431100
4508333849
4508216362
4507616898
4507542915
4507284355
4507115944
4506867459
4506773149
4506725056
4506575518
4506501044
4506420575
4506268377
4506217654
4506129784
4505966993
4505918360
4505809252
4505708546
4505595763
4505529712
4505432741
4504464648
4504185216
4504135497
4521375330
4520307330
4519427485
4519327401
4518937446
4518896069
4517846615
4517831692
4516927375
4516741439
4516594287
4516502557
4515911667
4515286438
4514309643
4513556470
4512958018
4512990664
4512767048
4511942215
4511833279
4511742899
4511536655
4511419534
4511346207
4511245803
4511069440
4510968439
4509866359
4509730120
4509770712
4509621727
4508978320
4508922624
4508797316
4508737688
4508549789
4508460252
4508392069
4508324666
4508217820
4508062267
4505464386
4505338615
4521295795
4521108679
4518747582
4518637827
4518546555
4518519507
4518512425
4518381444
4516930763
4516863288
4519303478
4519205959
4518938131
4518846038
4518729096
4517170910
4517068482
4516985841
4516967508
4516806835
4516768915
4516657607
4516563785
4516401736
4516223769
4516085345
4515958814
4514427665
4514226043
4514192966
4514047285
4512183773
4512149135
4512059592
4512095259
4511852713
4511335008
4509937055
4510010857
4509879418
4509720687
4509681710
4509537254
4509444342
4509106161
4507733244
4507569750
4507621891
4506912104
4506760619
4506608241
4504108622
4504015906
4521386719
4521092544
4521022338
4520715990
4520687286
4518902010
4518443363
4516901088
4516840832
4516608308
4516507826
4516403873
4516303176
4514802155
4514641624
4514538171
4514562682
4514447935
4514369812
4514332036
4514199126
4514024397
4513966638
4513845834
4513718093
4513668875
4513419669
4512301520
4512237728
4512235939
4512196212
4512155599
4512221742
4512070050
4512095721
4511949661
4511770317
4511515721
4511377354
4511258917
4510157309
4510106420
4510183842
4510152696
4509939791
4509976317
4509931777
4509865365
4509739340
4509629189
4509527848
4509402841
4509354340
4509225197
4509048240
4509051206
4507827765
4507884859
4507883422
4507824083
4507789289
4507703593
4507637177
4507621758
4507362354
4507083547
4506908304
4506796105
4506695062
4506534960
4506263744
4506196725
4506097166
4505997406
4505848691
4505751689
4505635515
4505065277
4505080703
4504976265
4503980153
4504002152
4520555024
4520368277
4520323220
4518589161
4515778650
4508672514
4508538038
4508408940
4521374068
4521126203
4521049522
4521050789
4520788708
4520688808
4519467733
4518373243
4518197136
4518057960
4516540159
4516419490
4516370079
4516270641
4516094086
4515927181
4515799417
4515850909
4515755740
4513946932
4513856508
4513796819
4513493399
4513328480
4513286547
4513206809
4513150791
4511587963
4511582181
4520625705
4519411417
4516238539
4516088555
4511862841
4509714642
4506886487
4506572753
4505887917
4505760349
4504122932
4521305243
4521217676
4520997380
4521080663
4520733850
4518368194
4518310338
4518205713
4518115415
4517854944
4517779495
4515839148
4515737869
4515654011
4515457790
4515391813
4514455597
4514397994
4514299281
4514301837
4514116837
4514015202
4509344609
4508634585
4508101367
4507997250
4506648439
4506305866
4506167944
4505588016
4519439868
4519511579
4519375978
4518832903
4516975719
4516959189
4516781152
4514548868
4514574376
4514486964
4512056319
4511578701
4510148725
4510142470
4509988764
4509926355
4509942041
4509290497
4509260629
4506814962
4506683383
4506537708
4506002744
4505836757
4505797125
4505104958
4504896961
4504668398
4504446474
4504236821
4504103690
4504022149
4524384067
4524282736
4524202231
4524009764
4523776703
4523718668
4523588647
4523552164
4523491919
4523355275
4523306877
4522774165
4522574876
4521888486
4521679111
4520866559
4520023656
4519902745
4519396027
4519277809
4519226416
4518949704
4518916582
4518173605
4518111874
4517679289
4517643059
4517031221
4516877186
4516900826
4516603179
4516104541
4516036728
4515929191
4515892597
4515824128
4515500683
4515463071
4515219613
4514650738
4514555298
4514417452
4514367660
4513678591
4513570597
4513216839
4513210831
4513121571
4513083312
4512908296
4512013588
4511330249
4511248585
4510958310
4510805821
4510738827
4510609494
4510536026
4510531983
4510388269
4509942071
4509834148
4509763666
4509627388
4509549883
4508992962
4508810284
4508484359
4508334859
4508288692
4507638452
4507613277
4506930311
4524313229
4524222660
4524132614
4523970662
4523423492
4523332191
4523014807
4522838542
4522863300
4522665247
4522218809
4522236828
4522233309
4522109455
4522171639
4522016417
4521986129
4521709624
4521691778
4521611697
4521563045
4521433925
4521311431
4521100238
4521049152
4520889753
4520850887
4520774422
4520653758
4520572542
4520335099
4520017879
4520052387
4519580848
4519444530
4519401414
4519143177
4518849828
4518881490
4518804440
4518567615
4518235291
4518175467
4518053944
4517931354
4517883071
4517803925
4517726945
4517664550
4517631475
4517587700
4515860544
4515752854
4515573943
4515524816
4515410352
4515421273
4515347024
4515341438
4513973006
4513704975
4513611157
4513449756
4513259867
4513067332
4513023278
4512954515
4512749782
4512792811
4512554978
4512481936
4512279207
4511377165
4511117554
4511029912
4510920346
4510930492
4510741548
4510559226
4509871762
4509703348
4509559978
4509474093
4509365553
4509284311
4509163585
4509073265
4508170133
4508164538
4507289929
4507068324
4524345002
4522236632
4522281702
4522178497
4522172052
4521775971
4521666455
4521621664
4519724135
4519633054
4519690505
4519615804
4519621795
4519488029
4519482984
4519335499
4519326648
4519227045
4515595605
4514436533
4512808528
4512810742
4508624805
4508586586
4508097658
4508091967
4508034915
4507993410
4507900169
4507976057
4523771457
4523607482
4521416359
4521385599
4521198590
4520803609
4519389002
4519420922
4519261516
4518771558
4518631569
4518583539
4518531621
4518429266
4515829402
4515820875
4511552177
4511491290
4511431357
4524296354
4523864020
4523825474
4523554856
4523494411
4523434637
4523333242
4523093613
4522658579
4522672848
4522586300
4522091783
4521948875
4521717299
4521436237
4521358323
4521047659
4520894733
4520876596
4520787933
4520687269
4520352804
4519483858
4519368709
4519288458
4518592753
4518516978
4518392490
4518322850
4518167002
4518088596
4518042429
4517984637
4516958175
4516913135
4516825936
4516583597
4516433412
4516351338
4516166112
4516065991
4515886739
4514533823
4514495149
4514432092
4514352429
4514158215
4524165991
4524144902
4518171687
4513480343
4522486224
4522393633
4522401603
4522317510
4522306510
4522353323
4517067609
4515867016
4515709123
4513322323
4513292484
4513166951
4513151069
4512188215
4512158174
4512204290
4512173804
4512161890
4512117585
4511710215
4508360116
4508364030
4508208134
4508169964
4508091756
4507560037
4507316147
4507080167
4507113463
4506909759
4524168997
4522465370
4522076897
4521929774
4521883698
4521715233
4521663959
4518842801
4516657087
4516527420
4516459506
4513070298
4511298083
4511236292
4510969186
4511002961
4510876089
4508475192
4508373748
4508241569
4508136012
4523110443
4522885639
4521537106
4521464661
4521244850
4521060051
4520854005
4520656152
4520349404
4519701142
4519597739
4519037287
4518890649
4518316135
4518241123
4518202412
4518041448
4517931457
4517006772
4516929546
4516487585
4515618786
4515621851
4515524654
4514479602
4514421047
4514363015
4514274223
4514111091
4513468208
4513442197
4512935450
4512089099
4512113901
4511978432
4511883298
4511777469
4511570058
4511489800
4511439930
